-2.5416
-2.5444
-2.5548
-2.5764
-2.6039
-2.6394
-2.6712
-2.7082
-2.7538
-2.8056
-2.8465
-2.902
-2.9514
-2.9937
-3.0324
-3.0844
-3.1296
-3.1958
-3.229
-3.23
-3.2442
-3.2661
-3.2693
-3.2542
-3.2024
-3.1217
-3.0146
-2.9076
-2.8153
-2.6686
-2.5018
-2.3277
-2.1126
-1.8769
-1.6307
-1.3488
-1.087
-0.82884
-0.5529
-0.28956
-0.029487
0.23204
0.45177
0.68569
0.90062
1.0386
1.1813
1.25
1.3176
1.3694
1.3694
1.3176
1.25
1.1813
1.0386
0.90062
0.68569
0.45177
0.23204
-0.029487
-0.28956
-0.5529
-0.82884
-1.087
-1.3488
-1.6307
-1.8769
-2.1126
-2.3277
-2.5018
-2.6686
-2.8153
-2.9076
-3.0146
-3.1217
-3.2024
-3.2542
-3.2693
-3.2661
-3.2442
-3.23
-3.229
-3.1958
-3.1296
-3.0844
-3.0324
-2.9937
-2.9514
-2.902
-2.8465
-2.8056
-2.7538
-2.7082
-2.6712
-2.6394
-2.6039
-2.5764
-2.5548
-2.5444
-2.5416
