-2.5302
-2.5333
-2.544
-2.5661
-2.5934
-2.6295
-2.6597
-2.6965
-2.7434
-2.7955
-2.8372
-2.8928
-2.9417
-2.9849
-3.0234
-3.075
-3.1194
-3.1835
-3.2164
-3.2152
-3.2306
-3.2508
-3.2564
-3.242
-3.1901
-3.1081
-3.0016
-2.9007
-2.8075
-2.6584
-2.4903
-2.3145
-2.1033
-1.8671
-1.6186
-1.3378
-1.0786
-0.82191
-0.54243
-0.28066
-0.023011
0.23927
0.46044
0.69432
0.90945
1.0467
1.1914
1.2634
1.3241
1.3731
1.3731
1.3241
1.2634
1.1914
1.0467
0.90945
0.69432
0.46044
0.23927
-0.023011
-0.28066
-0.54243
-0.82191
-1.0786
-1.3378
-1.6186
-1.8671
-2.1033
-2.3145
-2.4903
-2.6584
-2.8075
-2.9007
-3.0016
-3.1081
-3.1901
-3.242
-3.2564
-3.2508
-3.2306
-3.2152
-3.2164
-3.1835
-3.1194
-3.075
-3.0234
-2.9849
-2.9417
-2.8928
-2.8372
-2.7955
-2.7434
-2.6965
-2.6597
-2.6295
-2.5934
-2.5661
-2.544
-2.5333
-2.5302
