-112.02
-109.8
-105.64
-98.282
-103.52
-95.739
-115.81
-119.99
-106.06
-100.34
-93.067
-90.466
-95.899
-87.272
-89.434
-91.661
-103.75
-119.18
-126.26
-147.52
-131.91
-149.82
-131.48
-120.47
-123.21
-136.85
-131.82
-70.631
-77.956
-102.49
-110.72
-127.33
-102.4
-97.56
-107.98
-106.21
-80.509
-61.308
-99.163
-83.594
-57.607
-74.985
-84.908
-85.218
-79.432
-89.989
-94.337
-121.68
-66.487
-33.555
-33.555
-66.487
-121.68
-94.337
-89.989
-79.432
-85.218
-84.908
-74.985
-57.607
-83.594
-99.163
-61.308
-80.509
-106.21
-107.98
-97.56
-102.4
-127.33
-110.72
-102.49
-77.956
-70.631
-131.82
-136.85
-123.21
-120.47
-131.48
-149.82
-131.91
-147.52
-126.26
-119.18
-103.75
-91.661
-89.434
-87.272
-95.899
-90.466
-93.067
-100.34
-106.06
-119.99
-115.81
-95.739
-103.52
-98.282
-105.64
-109.8
-112.02
