-104.91
-103.7
-102.02
-96.983
-95.742
-91.183
-104.18
-105.52
-90.382
-82.403
-72.561
-66.292
-70.998
-57.983
-58.03
-58.655
-68
-76.323
-78.724
-96.214
-82.691
-94.947
-92.947
-72.123
-72.668
-92.989
-101.14
-47.688
-66.297
-100.6
-122.99
-154.69
-141.32
-159.17
-189.13
-207.21
-200.17
-206.29
-259.19
-268.92
-263.78
-303.73
-334.19
-340.51
-364.21
-384.8
-401.75
-434.46
-403.28
-381.57
-381.57
-403.28
-434.46
-401.75
-384.8
-364.21
-340.51
-334.19
-303.73
-263.78
-268.92
-259.19
-206.29
-200.17
-207.21
-189.13
-159.17
-141.32
-154.69
-122.99
-100.6
-66.297
-47.688
-101.14
-92.989
-72.668
-72.123
-92.947
-94.947
-82.691
-96.214
-78.724
-76.323
-68
-58.655
-58.03
-57.983
-70.998
-66.292
-72.561
-82.403
-90.382
-105.52
-104.18
-91.183
-95.742
-96.983
-102.02
-103.7
-104.91
