-2.3577
-2.3595
-2.37
-2.3953
-2.4303
-2.4521
-2.487
-2.5388
-2.586
-2.6282
-2.6839
-2.7345
-2.7804
-2.8242
-2.8818
-2.9433
-2.978
-3.0091
-3.0539
-3.0738
-3.1102
-3.1412
-3.1363
-3.1164
-3.0772
-3.0074
-2.9006
-2.7723
-2.6872
-2.5945
-2.3823
-2.1877
-1.9884
-1.7308
-1.5145
-1.2572
-0.97388
-0.6985
-0.4301
-0.16503
0.089176
0.34759
0.58723
0.82942
1.0087
1.2417
1.3425
1.3856
1.4916
1.5526
1.5526
1.4916
1.3856
1.3425
1.2417
1.0087
0.82942
0.58723
0.34759
0.089176
-0.16503
-0.4301
-0.6985
-0.97388
-1.2572
-1.5145
-1.7308
-1.9884
-2.1877
-2.3823
-2.5945
-2.6872
-2.7723
-2.9006
-3.0074
-3.0772
-3.1164
-3.1363
-3.1412
-3.1102
-3.0738
-3.0539
-3.0091
-2.978
-2.9433
-2.8818
-2.8242
-2.7804
-2.7345
-2.6839
-2.6282
-2.586
-2.5388
-2.487
-2.4521
-2.4303
-2.3953
-2.37
-2.3595
-2.3577
