-2.3578
-2.36
-2.3712
-2.3972
-2.432
-2.4523
-2.4879
-2.5383
-2.587
-2.6289
-2.6844
-2.7352
-2.7821
-2.8263
-2.8844
-2.945
-2.9776
-3.0094
-3.0547
-3.0751
-3.11
-3.1394
-3.1349
-3.1167
-3.076
-3.0045
-2.8977
-2.7732
-2.6957
-2.5964
-2.3817
-2.1906
-1.9904
-1.7334
-1.5157
-1.2609
-0.97814
-0.7037
-0.43451
-0.1684
0.087578
0.34612
0.58618
0.82865
1.0058
1.2352
1.3466
1.3857
1.4845
1.543
1.543
1.4845
1.3857
1.3466
1.2352
1.0058
0.82865
0.58618
0.34612
0.087578
-0.1684
-0.43451
-0.7037
-0.97814
-1.2609
-1.5157
-1.7334
-1.9904
-2.1906
-2.3817
-2.5964
-2.6957
-2.7732
-2.8977
-3.0045
-3.076
-3.1167
-3.1349
-3.1394
-3.11
-3.0751
-3.0547
-3.0094
-2.9776
-2.945
-2.8844
-2.8263
-2.7821
-2.7352
-2.6844
-2.6289
-2.587
-2.5383
-2.4879
-2.4523
-2.432
-2.3972
-2.3712
-2.36
-2.3578
