8.1928
11.134
18.768
28.76
25.715
12.99
18.055
4.169
17.176
17.925
15.158
16.56
26.615
30.901
35.291
28.986
2.7924
17.027
17.945
22.161
12.354
-5.1289
-2.8299
14.362
-0.65752
-19.553
-20.258
17.82
93.351
24.981
1.9403
44.185
29.518
36.369
30.151
48.613
53.262
69.469
57.364
43.894
31.075
21.242
21.732
19.571
54.325
60.626
-31.007
27.26
76.098
105.16
105.16
76.098
27.26
-31.007
60.626
54.325
19.571
21.732
21.242
31.075
43.894
57.364
69.469
53.262
48.613
30.151
36.369
29.518
44.185
1.9403
24.981
93.351
17.82
-20.258
-19.553
-0.65752
14.362
-2.8299
-5.1289
12.354
22.161
17.945
17.027
2.7924
28.986
35.291
30.901
26.615
16.56
15.158
17.925
17.176
4.169
18.055
12.99
25.715
28.76
18.768
11.134
8.1928
