124.91
127.44
134.27
140.27
140.01
131.78
133.47
126.08
139.44
143.5
142.57
146.98
161.77
170.56
176.01
173.8
153.12
166.47
173.9
176.67
176.3
150.92
156.83
184.71
167.63
144.66
134.81
159.74
226.27
136.14
103.26
138.89
108.92
101.68
84.478
73.097
52.879
54.679
17.77
-19.241
-37.463
-76.329
-97.087
-110.76
-93.754
-107.34
-192.43
-162.38
-131.83
-114.37
-114.37
-131.83
-162.38
-192.43
-107.34
-93.754
-110.76
-97.087
-76.329
-37.463
-19.241
17.77
54.679
52.879
73.097
84.478
101.68
108.92
138.89
103.26
136.14
226.27
159.74
134.81
144.66
167.63
184.71
156.83
150.92
176.3
176.67
173.9
166.47
153.12
173.8
176.01
170.56
161.77
146.98
142.57
143.5
139.44
126.08
133.47
131.78
140.01
140.27
134.27
127.44
124.91
