0.5
0.50634
0.51266
0.51893
0.52511
0.5312
0.53717
0.54298
0.54862
0.55406
0.55929
0.56428
0.56901
0.57346
0.57761
0.58146
0.58497
0.58815
0.59096
0.59341
0.59549
0.59718
0.59848
0.59938
0.59989
0.59999
0.59969
0.59898
0.59788
0.59638
0.5945
0.59224
0.5896
0.5866
0.58326
0.57958
0.57557
0.57127
0.56668
0.56182
0.55671
0.55137
0.54582
0.54009
0.5342
0.52817
0.52203
0.5158
0.50951
0.50317
0.49683
0.49049
0.4842
0.47797
0.47183
0.4658
0.45991
0.45418
0.44863
0.44329
0.43818
0.43332
0.42873
0.42443
0.42042
0.41674
0.4134
0.4104
0.40776
0.4055
0.40362
0.40212
0.40102
0.40031
0.40001
0.40011
0.40062
0.40152
0.40282
0.40451
0.40659
0.40904
0.41185
0.41503
0.41854
0.42239
0.42654
0.43099
0.43572
0.44071
0.44594
0.45138
0.45702
0.46283
0.4688
0.47489
0.48107
0.48734
0.49366
0.5
