-2.5795
-2.5787
-2.5883
-2.6072
-2.6319
-2.6793
-2.7197
-2.7556
-2.7969
-2.8592
-2.9036
-2.9469
-3.0158
-3.0868
-3.139
-3.1786
-3.2245
-3.2595
-3.2894
-3.2964
-3.3679
-3.4182
-3.4066
-3.3912
-3.354
-3.2888
-3.1704
-3.0007
-2.8271
-2.712
-2.7997
-2.5994
-2.2166
-1.919
-1.7308
-1.4534
-1.2135
-0.91805
-0.66845
-0.37957
-0.067199
0.12495
0.39093
0.77805
1.0599
1.0268
1.0911
1.2322
1.3752
1.4476
1.4476
1.3752
1.2322
1.0911
1.0268
1.0599
0.77805
0.39093
0.12495
-0.067199
-0.37957
-0.66845
-0.91805
-1.2135
-1.4534
-1.7308
-1.919
-2.2166
-2.5994
-2.7997
-2.712
-2.8271
-3.0007
-3.1704
-3.2888
-3.354
-3.3912
-3.4066
-3.4182
-3.3679
-3.2964
-3.2894
-3.2595
-3.2245
-3.1786
-3.139
-3.0868
-3.0158
-2.9469
-2.9036
-2.8592
-2.7969
-2.7556
-2.7197
-2.6793
-2.6319
-2.6072
-2.5883
-2.5787
-2.5795
