-2.5746
-2.5739
-2.584
-2.6031
-2.6284
-2.6762
-2.7156
-2.7515
-2.7928
-2.8547
-2.8986
-2.943
-3.0111
-3.082
-3.1336
-3.1734
-3.2218
-3.2575
-3.2857
-3.2875
-3.3628
-3.415
-3.4031
-3.386
-3.3466
-3.2794
-3.1587
-2.9869
-2.8202
-2.7123
-2.7982
-2.5961
-2.2148
-1.9296
-1.7494
-1.4473
-1.1877
-0.91006
-0.67455
-0.38626
-0.061117
0.13238
0.39117
0.77815
1.0642
1.0347
1.0966
1.2315
1.3692
1.4399
1.4399
1.3692
1.2315
1.0966
1.0347
1.0642
0.77815
0.39117
0.13238
-0.061117
-0.38626
-0.67455
-0.91006
-1.1877
-1.4473
-1.7494
-1.9296
-2.2148
-2.5961
-2.7982
-2.7123
-2.8202
-2.9869
-3.1587
-3.2794
-3.3466
-3.386
-3.4031
-3.415
-3.3628
-3.2875
-3.2857
-3.2575
-3.2218
-3.1734
-3.1336
-3.082
-3.0111
-2.943
-2.8986
-2.8547
-2.7928
-2.7515
-2.7156
-2.6762
-2.6284
-2.6031
-2.584
-2.5739
-2.5746
