-66.809
-66.3
-62.144
-57.956
-52.311
-45.529
-57.289
-57.426
-58.536
-60.224
-66.245
-56.105
-63.317
-64.907
-71.192
-68.362
-48.149
-38.806
-55.965
-102.63
-63.894
-49.044
-54.094
-70.302
-91.699
-111.89
-132.16
-155.34
-97.537
-29.988
-11.92
-28.831
-49.897
102.09
218.69
-71.708
-298.78
-94.414
65.428
63.892
-63.496
-85.822
-15.663
-14.175
-52.937
-106.63
-61.267
15.303
48.006
65.226
65.226
48.006
15.303
-61.267
-106.63
-52.937
-14.175
-15.663
-85.822
-63.496
63.892
65.428
-94.414
-298.78
-71.708
218.69
102.09
-49.897
-28.831
-11.92
-29.988
-97.537
-155.34
-132.16
-111.89
-91.699
-70.302
-54.094
-49.044
-63.894
-102.63
-55.965
-38.806
-48.149
-68.362
-71.192
-64.907
-63.317
-56.105
-66.245
-60.224
-58.536
-57.426
-57.289
-45.529
-52.311
-57.956
-62.144
-66.3
-66.809
