-4.8849
-4.0744
-0.57336
2.379
5.7789
3.3232
1.0883
9.6245
9.9218
7.6784
1.5714
5.7413
7.0872
9.2586
8.2975
13.344
37.067
56.689
34.02
-36.007
8.999
53.648
48.009
32.049
11.751
-13.533
-41.67
-75.161
-48.929
12.828
62.839
36.565
19.004
214.46
318.43
-112.67
-494.92
-193.06
61.687
22.575
-143.83
-218.36
-178.6
-174.55
-223.03
-277.16
-253.39
-203.86
-181.8
-170.6
-170.6
-181.8
-203.86
-253.39
-277.16
-223.03
-174.55
-178.6
-218.36
-143.83
22.575
61.687
-193.06
-494.92
-112.67
318.43
214.46
19.004
36.565
62.839
12.828
-48.929
-75.161
-41.67
-13.533
11.751
32.049
48.009
53.648
8.999
-36.007
34.02
56.689
37.067
13.344
8.2975
9.2586
7.0872
5.7413
1.5714
7.6784
9.9218
9.6245
1.0883
3.3232
5.7789
2.379
-0.57336
-4.0744
-4.8849
