-142.81
-139.85
-134.73
-135.18
-136.62
-146.67
-138.54
-130.11
-139.84
-149.06
-143.4
-130.19
-135.08
-136.66
-149.79
-119.44
-99.485
-97.894
-123.67
-152.2
-180.46
-175.34
-174.44
-182.67
-176.78
-186.66
-180.31
-137.85
-160.57
-164.65
-134.4
-138.92
-135.31
-104.95
-118.95
-140.63
-151.74
-145.67
-108.66
-118.07
-87.891
-89.776
-99.864
-113.59
-115.43
-113.16
-78.736
-124.99
-86.22
-61.893
-61.893
-86.22
-124.99
-78.736
-113.16
-115.43
-113.59
-99.864
-89.776
-87.891
-118.07
-108.66
-145.67
-151.74
-140.63
-118.95
-104.95
-135.31
-138.92
-134.4
-164.65
-160.57
-137.85
-180.31
-186.66
-176.78
-182.67
-174.44
-175.34
-180.46
-152.2
-123.67
-97.894
-99.485
-119.44
-149.79
-136.66
-135.08
-130.19
-143.4
-149.06
-139.84
-130.11
-138.54
-146.67
-136.62
-135.18
-134.73
-139.85
-142.81
