-121.3
-119.98
-117.72
-115
-115.09
-122.42
-110.83
-99.65
-108.13
-117.66
-105.84
-90.048
-91.406
-89.099
-99.411
-70.768
-39.187
-36.987
-66.315
-90.904
-118
-111.65
-110.5
-119
-106.6
-125.12
-129.34
-96.66
-131.47
-158.34
-133.64
-152.05
-170.16
-154.96
-193.18
-229.29
-265.86
-282.9
-267.87
-289.97
-293.34
-306.41
-336.86
-371.02
-383.28
-399.03
-389.93
-424.27
-407
-394.57
-394.57
-407
-424.27
-389.93
-399.03
-383.28
-371.02
-336.86
-306.41
-293.34
-289.97
-267.87
-282.9
-265.86
-229.29
-193.18
-154.96
-170.16
-152.05
-133.64
-158.34
-131.47
-96.66
-129.34
-125.12
-106.6
-119
-110.5
-111.65
-118
-90.904
-66.315
-36.987
-39.187
-70.768
-99.411
-89.099
-91.406
-90.048
-105.84
-117.66
-108.13
-99.65
-110.83
-122.42
-115.09
-115
-117.72
-119.98
-121.3
