-2.2499
-2.1269
-1.9265
-1.9687
-2.0957
-2.1176
-2.1139
-2.0443
-1.9432
-1.8423
-1.8031
-1.7575
-1.7311
-1.7298
-1.7058
-1.7269
-1.6784
-1.7415
-1.6826
-1.7032
-1.7504
-1.6682
-1.687
-1.7363
-1.7114
-1.6698
-1.6875
-1.7143
-1.689
-1.6536
-1.6569
-1.646
-1.5913
-1.5172
-1.4418
-1.3611
-1.3205
-1.3739
-1.327
-1.1292
-1.106
-1.103
-0.91117
-0.89914
-0.76768
-0.67824
-0.57865
-0.47888
-0.38141
-0.10843
0.20177
0.4302
0.61112
0.92975
1.2137
1.5801
1.9554
2.2199
2.563
1.7219
-0.61795
-0.88042
-0.77307
-0.82839
-0.76067
-0.74911
-0.70973
-0.67149
-0.66946
-0.70681
-0.67831
-0.67638
-0.67358
-0.65589
-0.65499
-0.64119
-0.63219
-0.62905
-0.6098
-0.61322
-0.61779
-0.6046
-0.58271
-0.5615
-0.54936
-0.5526
-0.56966
-0.57561
-0.58768
-0.63531
-0.69338
-0.74426
-0.90828
-1.0446
-1.1658
-1.284
-1.316
-1.4213
-1.4102
-1.3966
-1.52
-1.8812
-2.0148
-2.1971
-2.3522
-2.3326
