-2.2656
-2.1278
-1.9211
-1.9683
-2.0987
-2.1201
-2.1186
-2.0517
-1.9522
-1.85
-1.7999
-1.7606
-1.724
-1.731
-1.6999
-1.7304
-1.676
-1.7485
-1.6767
-1.7038
-1.7546
-1.6674
-1.6902
-1.7381
-1.7131
-1.6749
-1.69
-1.7205
-1.692
-1.6558
-1.6612
-1.6533
-1.6025
-1.5398
-1.4672
-1.3762
-1.3086
-1.3602
-1.3428
-1.1454
-1.0944
-1.1088
-0.91902
-0.89258
-0.78262
-0.68051
-0.58608
-0.49001
-0.38462
-0.11958
0.18917
0.43764
0.62223
0.9213
1.1991
1.5729
1.9528
2.2221
2.5728
1.7316
-0.61428
-0.87763
-0.78102
-0.83238
-0.76544
-0.75407
-0.70978
-0.68266
-0.67769
-0.71115
-0.68332
-0.67851
-0.67768
-0.65834
-0.65637
-0.64287
-0.63414
-0.63038
-0.61141
-0.6164
-0.6156
-0.59759
-0.57653
-0.55985
-0.54713
-0.54804
-0.56595
-0.57464
-0.58413
-0.63125
-0.69081
-0.74584
-0.91717
-1.0494
-1.1743
-1.2859
-1.312
-1.4251
-1.4104
-1.3932
-1.5171
-1.8921
-2.033
-2.2063
-2.3579
-2.3398
