-2.2517
-2.127
-1.9261
-1.9687
-2.0961
-2.118
-2.1143
-2.045
-1.9442
-1.8432
-1.8028
-1.7575
-1.7304
-1.7297
-1.7049
-1.7275
-1.6777
-1.7415
-1.6818
-1.7037
-1.7508
-1.6681
-1.6868
-1.7367
-1.7116
-1.6704
-1.6876
-1.7144
-1.6893
-1.6542
-1.6575
-1.6468
-1.5921
-1.5197
-1.4437
-1.3622
-1.3193
-1.3727
-1.3286
-1.1306
-1.1049
-1.1039
-0.91172
-0.8983
-0.76871
-0.67878
-0.57961
-0.48022
-0.38216
-0.10945
0.20047
0.43089
0.61213
0.92882
1.2118
1.5793
1.955
2.2196
2.564
1.7226
-0.61784
-0.88032
-0.77399
-0.82893
-0.76125
-0.74953
-0.70971
-0.67258
-0.67028
-0.70727
-0.67878
-0.67657
-0.67398
-0.65613
-0.6551
-0.64129
-0.63236
-0.62915
-0.60991
-0.61351
-0.61762
-0.60398
-0.58215
-0.56132
-0.54912
-0.5522
-0.56931
-0.57534
-0.58711
-0.63474
-0.693
-0.74436
-0.9091
-1.045
-1.1666
-1.2842
-1.3156
-1.4218
-1.4102
-1.3963
-1.5197
-1.8824
-2.0169
-2.1985
-2.3529
-2.3339
