-16.123
-16.612
-14.037
-12.737
-12.523
-12.866
-13.385
-13.612
-13.709
-13.923
-14.009
-14.097
-14.211
-14.272
-14.464
-14.536
-14.47
-14.69
-14.828
-14.828
-15.03
-15.15
-14.983
-15.136
-15.345
-15.25
-15.109
-15.071
-15.284
-15.443
-15.422
-15.415
-15.431
-15.411
-15.317
-15.122
-14.805
-14.414
-14.166
-13.904
-13.574
-13.916
-14.087
-12.965
-12.028
-11.955
-12.244
-10.758
-9.7146
-8.8863
-6.5678
-4.3136
-2.2638
0.69673
4.9762
9.7869
16.588
20.949
13.216
0.092102
-5.8165
-9.265
-10.881
-11.772
-13.126
-13.238
-13.717
-13.552
-13.736
-13.552
-13.561
-13.692
-13.637
-13.273
-12.932
-12.912
-13.023
-13.117
-12.929
-12.573
-12.495
-12.632
-12.7
-12.383
-12.066
-12.153
-12.277
-12.26
-12.051
-11.821
-11.726
-11.741
-11.82
-11.877
-11.904
-11.88
-11.837
-11.803
-11.793
-11.757
-11.649
-11.667
-11.693
-11.632
-11.596
-11.321
-11.868
-13.381
-14.663
-15.714
-15.754
