66.198
86.062
-12.28
-56.745
-66.329
-73.503
-47.641
-13.704
-3.6517
-28.869
-33.301
-25.164
-29.35
-26.92
-26.664
-35.527
-34.585
-29.368
-27.086
-24.957
-23.666
-30.471
-36.372
-25.114
-27.268
-23.058
-23.05
-15.803
-22.281
-13.584
-32.234
-4.9546
-58.225
-33.562
-41.756
-3.3932
-13.979
-23.884
-25.714
-28.172
-31.931
-41.041
-68.466
-34.446
-46.947
-85.543
-26.93
-32.826
-38.92
-54.802
-16.778
-86.805
53.121
-74.905
-84.611
17.495
-49.413
-125.61
-276.1
-93.614
-30.489
5.3868
-2.2072
-29.134
-36.123
-44.565
-44.411
-46.099
-47.146
-48.44
-49.658
-49.688
-49.046
-46.664
-45.113
-41.169
-33.01
-40.583
-35.709
-39.084
-39.304
-40.527
-40.508
-38.253
-37.332
-31.034
-27.825
-32.22
-32.259
-33.043
-32.718
-32.468
-32.822
-33.813
-33.927
-30.764
-26.299
-23.56
-21.671
-16.622
0.10034
2.4394
-8.0933
-33.454
-68.996
-65.214
-29.414
27.064
82.665
75.61
61.076
