0.48321
0.47175
0.45771
0.44125
0.42254
0.40173
0.37897
0.35438
0.32812
0.31441
0.30032
0.28589
0.27112
0.25604
0.24066
0.225
0.20909
0.19293
0.17655
0.15996
0.14319
0.12626
0.10919
0.091984
0.074678
0.057288
0.039834
0.022336
0.0048161
-0.012707
-0.030211
-0.047676
-0.065082
-0.082407
-0.099632
-0.11674
-0.1337
-0.1505
-0.16712
-0.18354
-0.19974
-0.2157
-0.2314
-0.24682
-0.26195
-0.27676
-0.29124
-0.30537
-0.31913
-0.34549
-0.37019
-0.3931
-0.4141
-0.43308
-0.44992
-0.46452
-0.47677
-0.48656
-0.49377
-0.5
-0.47566
-0.4609
-0.44227
-0.41956
-0.39256
-0.37739
-0.36109
-0.34365
-0.32506
-0.30531
-0.28442
-0.26241
-0.23931
-0.21515
-0.18999
-0.1639
-0.13695
-0.10925
-0.080897
-0.052017
-0.022739
0.0067949
0.036437
0.066034
0.095431
0.12447
0.15302
0.18091
0.20803
0.23424
0.25945
0.28355
0.30646
0.32813
0.3485
0.36754
0.38522
0.40155
0.41651
0.43013
0.45342
0.47163
0.48507
0.49406
0.49992
0.49511
