0.014366
0.022557
0.032054
0.042607
0.053962
0.065872
0.078096
0.090406
0.10258
0.10856
0.11443
0.12017
0.12575
0.13116
0.13638
0.14138
0.14616
0.15069
0.15495
0.15894
0.16264
0.16604
0.16913
0.17189
0.17432
0.17641
0.17816
0.17956
0.1806
0.18128
0.1816
0.18156
0.18117
0.18041
0.1793
0.17784
0.17603
0.17388
0.17139
0.16858
0.16546
0.16202
0.1583
0.15429
0.15002
0.14549
0.14072
0.13573
0.13053
0.1196
0.10808
0.096138
0.083957
0.071728
0.059654
0.047945
0.036816
0.026489
0.017183
0.0025008
-0.0058599
-0.0027985
0.0024006
0.0096509
0.018771
0.023945
0.02947
0.035289
0.041341
0.047557
0.05386
0.060171
0.066401
0.07246
0.078257
0.083699
0.088695
0.093158
0.097009
0.10018
0.1026
0.10423
0.10503
0.10499
0.10411
0.1024
0.099895
0.096642
0.092702
0.088149
0.083068
0.077549
0.071688
0.065585
0.059339
0.053047
0.046802
0.040692
0.034798
0.029194
0.01911
0.010856
0.0047154
0.00084353
-0.00063486
0.0050615
